3969256422 436207626 6 8 10
2997869600 436207626 6 8 10
1097570102 436207626 6 8 10
3508986802 436207626 6 8 10
3609399395 436207626 6 8 10
2970155531 436207626 6 8 10
1662807428 436207626 6 8 10
2248997338 436207626 6 8 10
1691710120 436207626 6 8 10
2105762896 436207626 6 8 10
1231543258 436207626 6 8 10
1254461567 436207626 6 8 10
3455132690 436207626 6 8 10
3289102470 436207626 6 8 10
3611284369 436207626 6 8 10
2827469794 436207626 6 8 10
4069313938 436207626 6 8 10
2014231397 436207626 6 8 10
353248982 436207626 6 8 10
3408746861 436207626 6 8 10
1219295955 436207626 6 8 10
4116954099 436207626 6 8 10
3781908258 436207626 6 8 10
552715670 436207626 6 8 10
1405265728 436207626 6 8 10
642063036 436207626 6 8 10
3154652844 436207626 6 8 10
2077048573 436207626 6 8 10
3400302759 436207626 6 8 10
2812034901 436207626 6 8 10
4182595420 436207626 6 8 10
1775092053 436207626 6 8 10
3324196073 436207626 6 8 10
811617538 436207626 6 8 10
3426318219 436207626 6 8 10
2879364756 436207626 6 8 10
4279018738 436207626 6 8 10
2820053452 436207626 6 8 10
216498537 436207626 6 8 10
3448754154 436207626 6 8 10
2126942931 436207626 6 8 10
3068916720 436207626 6 8 10
1973447388 436207626 6 8 10
26605418 436207626 6 8 10
2882591713 436207626 6 8 10
3060776694 436207626 6 8 10
1600528144 436207626 6 8 10
344286496 436207626 6 8 10
357311345 436207626 6 8 10
815815392 436207626 6 8 10
675805586 436207626 6 8 10
1734117714 436207626 6 8 10
2839400147 436207626 6 8 10
603031977 436207626 6 8 10
1511592495 436207626 6 8 10
1986106396 436207626 6 8 10
3002707087 436207626 6 8 10
1691633727 436207626 6 8 10
2422700818 436207626 6 8 10
922608535 436207626 6 8 10
4012165899 436207626 6 8 10
1223223513 436207626 6 8 10
1592688855 436207626 6 8 10
398791251 436207626 6 8 10
3509004079 436207626 6 8 10
1403702992 436207626 6 8 10
3803784933 436207626 6 8 10
2618641038 436207626 6 8 10
2655275466 436207626 6 8 10
929036592 436207626 6 8 10
1259953599 436207626 6 8 10
389972637 436207626 6 8 10
3666855706 436207626 6 8 10
3595674003 436207626 6 8 10
377999812 436207626 6 8 10
2006135016 436207626 6 8 10
2257455296 436207626 6 8 10
53252519 436207626 6 8 10
349244941 436207626 6 8 10
464018009 436207626 6 8 10
2539251633 436207626 6 8 10
1517108467 436207626 6 8 10
2200885430 436207626 6 8 10
3008325256 436207626 6 8 10
3863245257 436207626 6 8 10
3834420791 436207626 6 8 10
1636291143 436207626 6 8 10
843546967 436207626 6 8 10
4267747398 436207626 6 8 10
2424077534 436207626 6 8 10
3920310226 436207626 6 8 10
2659686370 436207626 6 8 10
360196050 436207626 6 8 10
4172801202 436207626 6 8 10
512501849 436207626 6 8 10
3989235345 436207626 6 8 10
2227842460 436207626 6 8 10
705630491 436207626 6 8 10
3422751495 436207626 6 8 10
791662320 436207626 6 8 10
